5

1
01
010
0100
1 3 4 5 2

5

0
10
100
1110
1 2 3 4 5

4

0
10
100
1 2 3 4

6

0
00
000
0010
10000
1 2 5 3 4 6

5

0
10
011
0001
1 5 4 2 3

4

0
01
101
1 3 2 4

3

1
01
1 3 2

100

0
10
001
1001
11011
000101
1100011
11001111
000010101
1100111111
00111010001
100111010001
1000010010001
11001111100111
001001110010111
1001101110000101
00100100111001011
101101010110000101
0001000010110100101
10000110001000110111
101110101110110001111
0111111101000111111011
00011001011000100101101
000010011001111000110101
1011011010010111011011111
11011100001110110101011001
010000110110100010001011111
1001000001011011100010001111
10001111000111100010001110011
110010010100001011111101100001
0100010110111110110011010101001
01110011010001010010011110111111
110110010110010001000000001110111
1010000011101000011101101000101011
10011010111101101100011011100000001
001011001001011001011110100101111001
1101110111101111110010110111000010001
10011000101111101110110000100110101111
110111000001001011111001110000100010111
1101011000110010000011111001000111001111
00011110101101001001001101111011010000011
010100111001111111000011011101110001011111
1111100001011100110010101000110000011001101
01011010111101110101110100100011011010110011
011001011110001001001011110011000011111111011
1000010110110101010001100111000101100110001001
01100001000011011001101001001100101100110000101
111111110110101001000010000100011010100111100101
0101111110111001100101001100000001100011000111011
00100111111000001010110100100010111010110010011011
101100011001001111100110010111001011010000110101111
1100110110100101101000101000011011010100100101000111
00001011111000100001111010110000011100000011000111001
100101001110010011111011110110111101100101000100000011
0011001110000100011101101100101001101100110010100110011
01110100000111110010010010110100010111101001111100111111
000001101011111111110011010001111111001101011101010100011
1110010011010001001100111011100011011000110100010001010001
11110111111010111000010010111010001110001011001001000011011
100011100111111010110100011011011110000101101011100100100001
1000001001010001110111010001101111111011011111001111001110101
11110001001110010011001101100111011111101111011001010010001011
011010101011101010000111000110111111100101001101001001100000011
1011110101101001101000010100101110111110010100101010001110110111
01110011010110101001101010000011011101000011000111100110000101001
110011111010101101100111110101001100110101001110100110011100010101
1111011011000110010001101111001111010110000111011001001000011100101
01111001110110001110010110011100110000101011101111111010111100100011
000001101001100110000101101001101101001010011001111010000110001011001
0100011110000100100000101101101010010100000111110011101101001100101101
11001011011011000000101001101000000000001001010110111101001111111011001
110111100100111001100011100010110111011011100010101100111000101000000011
0100000001010100100001111111011111011011100110101010110100101111110111001
10111111110001110011010010111110100010011011001100111100101010100101001011
100100010100011001111000110100111010111100001110111001011000111011010111111
0000000010100111000010110100010110111001001011011100000111001100001010011011
00010000000100100110100110010110101100010011111010010011001001010010000010011
110010011000000100010000100101101100001111100010100101101001001011010101010011
1101111110100110101111101001011000000110111111000111111000011111001101110000001
11010000001011110001010001011111101101101001100101000011101010111011010000000001
101000010110111000000011110010101100000101101000110001010010110011101011101001001
0011111000111101100100011001101100111010110100111000010110001010110011000010101011
10010110001010101010000110001000101011110011010010111100011001110001110001001011011
110011110110100101011111110100111011101110110111101101111100000111100010100111101011
0111101101110001010100000001111001001111100101111110101101110000101101000001111100001
11010000000101000111110010101110011000100101001110000010010100010101001111010011101011
111001101000111001111001110101000101000101100100100011101010001001101000010100011111011
0010000111000101111101000001001000011010000010001011111001111100100111000101000011111101
00111010100001111111001101100110100001101100101000100111010011010100001100000111101101001
000010100000010110111000111110010101001000010010000000000111100111000101101000010000101001
0000010011011100000001011010011001010011011111001111101000101001111010010110001001101100001
00110110001010001000001011100111110000001000110010101011111001100000010100110100111001111011
010001001011011000011100101001110000010111110101000001001110001101001101101001011100001110001
0101001001001110110000111011011111100110111101110101101001111001010110001101010100011100010111
11101111000100111010100000101111111001010011011111000110101001000100101111011110001100001011111
100100110000010010001001000011001000010100011110100101001001100001000110010100101010011101111101
0100000011001100110010010001100101010110001100011011111011011111110001110011111111110110001100101
10010100011000001101000011000010000011000110010000001111111100000000010001010101101100010101011011
111011111110110010010101001110100100111111011101110100110000001011000001100000100100010000011110001


